"V1";"V2";"V3"
-2.24560789900604;-2.64671914796816;-0.0728698392261597
-0.846000712209528;-1.98146553877344;0.215887953002184
-0.346840000463064;-4.83126882121283;-0.0842218651668254
-4.12199539316586;-2.3934048053645;0.247402403336112
-1.04784816662627;-1.27699183277059;0.0626379142156717
-0.576636793451034;-3.02145877421559;-2.23863238674038
-1.35772720504133;-0.426190310611295;-0.230156377403518
-3.01323618613207;-0.437963544323774;-0.192555210351774
-1.23194161743201;-1.11979755414531;-0.196989239158531
-1.40085919607474;-0.638687861020859;-0.200445447374765
-0.691924307291691;-4.8943399359212;0.0617045208265752
-2.33771356418211;-1.47489211562124;0.337488586403226
-0.954649930875886;-9.49477473349078;-0.0201170065819003
-1.5478320803557;-1.53434177320319;0.365825271122001
-0.768336378100107;-4.40942092186428;-0.137185138738863
-1.45709690362897;-0.797154169556815;-0.068709773043556
-3.31225020016985;-2.43386195810879;0.413339977053486
-0.38528456152343;-4.11938728034501;-0.104090709757742
-0.601325115677742;-1.26733313874632;0.100921406136454
-0.577818888452823;-0.74990564160866;-0.397277080911419
-1.7279996050956;-14.5973504419583;-0.637824146183477
-1.01089487967031;-2.15824407467422;-0.69284022209311
-0.0823160325793133;-2.74916595425693;-0.210773350300917
-0.394585486429587;-0.815873013945596;0.296125575824792
-0.87340737812757;-0.273419303819145;-0.00881464342834937
-0.162005762059719;-1.45499084660755;-0.259788724656872
-1.21666583382461;-2.29743725703355;0.0629834845459631
-1.30114541200823;-2.07151454670026;-0.781329135990745
-0.257493771415012;-0.897777426025826;0.363340669136172
-0.832685653704657;-0.85830722451995;-0.55539031393659
-0.829267467638648;-0.707272433499012;0.0910528094239658
-0.706757819126324;-1.77912952272861;-0.185913780736706
-0.53267715606668;-3.26572258915954;-0.522761510080816
-0.433702920630151;-14.1035125328988;0.0751877334346203
-0.919376093891115;-3.17347941507646;0.157011095954945
-0.971360404937233;-2.5983689285776;-0.0736885598041304
-0.732896252921117;-3.900621527974;0.136122308256459
-0.556032997638938;-2.63120536465023;-0.0861851490488859
-2.04154840269301;-22.003564453717;-0.610606503377253
-0.562042059910629;-4.41862691896865;-0.125848800109697
-0.564639625215689;-4.75757773120059;-0.413574828178969
-1.07790505281751;-3.38261345898506;-0.13969854886051
-0.674233365556265;-28.5761350197473;-0.193389221356495
-0.387199465632571;-0.818214242205458;-0.375964424289997
-1.21451937209601;-0.513422485775517;0.242702268089228
-0.75503170576795;-21.0648950366826;-0.244810991455582
-2.69394532884413;-9.04612900996553;-0.0267871442601719
-1.54355783456746;-0.558070780213707;0.277887265457988
-1.42262953306563;-3.51193063769371;0.0118369570122361
-1.69571619817972;-4.07782679267749;-0.0888053561403792
-1.13481640473767;-3.50444655813166;0.196791342636571
-6.17531817763328;-5.29887622185478;0.135732496522627
-0.8137225084773;-13.7400534980304;0.0459005031668422
-0.334184397095507;-1.46985673353774;-0.86036636856796
-1.05835675847917;-0.539701157632018;-0.0721192027570836
-1.5877121635399;-0.85747333128546;0.200488316544408
-0.335809762044439;-1.42658463255322;-0.523531217396282
-1.56875869408143;-1.92417865107659;-0.00280958209334581
-2.7407230972749;-2.81971276511851;-0.16069610746405
-4.64513603408567;-3.32210408732965;-0.565577532816734
-3.12187524778395;-6.18839836862603;0.222110932849109
-0.733612834001412;-7.3787904553185;0.171336931315369
-0.484724099733469;-1.13652728037222;-4.12109106404973
-1.22201543362687;-2.25577346880538;0.126814047015461
-0.762252980837332;-1.42181992369572;-0.20979822017233
-13.1409566165133;-2.43267931916605;-1.28813250964286
-1.00561620464528;-1.35615511675692;-0.615445125589407
-3.06042644021938;-0.739717229220357;0.00633798860933243
-0.742475229572807;-0.332117918833838;-0.223120627707721
-2.57392512229812;-1.54759999938284;0.00165988067716771
-0.413388195844515;-3.80094412500352;0.214122693843348
-4.37548908855673;-0.987632150238587;-0.00972085708557491
-1.31417587977641;-1.53146661521567;-0.193312859921084
-0.315102552441731;-2.34916096590832;-1.56386840600435
-3.85555921671424;-5.72716225380554;0.295385385890949
-0.689107908190659;-2.26827646763446;-1.0549759175789
-1.20147200354349;-2.42271332559513;-1.72933191406654
-2.09398407511173;-1.73911184786675;-1.4595773025468
-0.653963779152378;-2.54257969107659;0.0289220551445004
-1.59891675656925;-3.1525943678711;0.314384564385178
-1.08096481896206;-1.26130981294042;-0.922124572747864
-1.58607724948808;-3.98861220442368;-0.769985608597311
-1.12710745038767;-10.5152998009682;-0.627499675308015
-3.1828758496718;-8.73356211560444;0.371533136054348
-0.788103824700012;-1.49608857608111;-0.204779165282408
-3.45209380332832;-17.0230961991187;0.1784776726343
-0.753435028742687;-0.670738484611315;0.00239640638676075
-1.33522899950705;-4.65320229290421;-0.675171740213733
-0.697541137461974;-1.83914985405108;-0.11947036577125
-2.70115829348515;-1.77904836162375;-0.306097141195993
-0.367609586924265;-1.88318275746954;-0.402925936794809
-1.15854966081699;-1.38479295873081;0.291310776642199
-0.46688759902165;-2.15745724549977;-1.56009961388149
-0.450270709548373;-23.319530177383;-0.0748083616603572
-1.00949976912322;-0.676755138781177;0.325650140355959
-0.853546600585218;-0.391390612957757;0.0872076780747268
-4.53667857695234;-4.19767927039614;0.172540824446944
-1.99333834525069;-1.63594884074807;0.252436153642085
-14.4552420991617;-1.64673863616946;0.0865131200797136
-0.909054761510145;-4.97453256563528;0.127536906287723
-2.70313025254269;-3.88376382634225;0.155704495292617
-0.880112348965784;-1.44898371395595;0.0473348685351627
-0.934785802883067;-0.499164334633227;-0.0412794815607811
-1.09406767784642;-11.3446385397476;0.508391463264993
-1.24428943289857;-6.14191609792692;-0.179695991712406
-1.59480153126568;-2.02056866137568;-0.0257388265351937
-3.65332291666473;-1.8622125592236;-0.417113990336524
-3.05687394196175;-1.11999690260389;-0.290849121148305
-1.72805747405474;-2.99047901812046;-0.777383197956223
-3.2301056530281;-11.8227208068507;0.212070542900466
-2.4729519577503;-1.88150496964231;-0.922899559513391
-0.482877249380142;-1.86117046665627;-0.371507218443269
-0.900568888727874;-1.64033650885102;-0.302801590032518
-1.55681996572992;-0.605528847050928;0.327351523078499
-0.830688993292558;-1.37205382279257;-0.818763782242412
-1.04520923318747;-1.48870952002078;-0.133930699408687
-1.58615609964845;-1.72076532525996;0.211055796195135
-0.94762551427695;-1.35970015902013;0.00795904240338841
-1.31155576033228;-0.52160877122941;-0.174239975302675
-1.55614617663465;-2.6539414997314;0.339100167871307
-0.997165734043233;-1.55514295871405;-0.660293323948315
-2.94303227450211;-0.964994245379777;0.150691248612358
-0.804182772734316;-3.19702086653647;-0.286994820048714
-2.12426253253902;-16.4847952236965;-0.201730326882373
-0.554203089486828;-1.03599162676187;0.260661273848911
-1.44331845195469;-2.29524705936757;-0.126370752784393
-0.465843323481966;-1.80786678802573;-1.37568160432436
-0.933949865531546;-1.20250358933467;-2.18130955832781
-0.90484725038639;-8.97750293819281;-0.179749779941255
-1.22599507301007;-37.293012390927;0.354238701775013
-2.09036892746628;-2.16193435111142;-1.19703767692503
-0.712517953064962;-0.245874817047447;-0.768846064927386
-1.32188698509524;-1.43790786858902;-0.1142137253365
-1.07171102553485;-4.01526009551404;0.270814337208515
-0.311071281731287;-2.0093549980397;-0.0108404913146078
-1.28302452034439;-2.98314070482157;0.179408558661406
-0.674380487604912;-0.733303043311054;-0.0470373850120649
-3.64727904033548;-15.4988847098152;0.0528055462738262
-0.64949554717655;-2.44221401911495;-0.269922621226133
-1.18956834636399;-3.48358129771119;-0.391675371995185
-1.21445194752361;-0.980668584200546;0.145860594143058
-1.02248420891237;-3.66131768540877;0.451086174936678
-0.589418012704938;-0.95842770215577;0.299994759444768
-0.256243323083802;-6.77403837318187;0.110157213741197
-2.62228908509263;-2.01657943270264;-0.179074811008485
-2.27198067720688;-3.04195646640198;-0.106715602300429
-5.64927013752755;-2.12271707107092;-0.119169548542679
-0.643510142345308;-3.21542268404676;0.155850727074893
-2.92458313411356;-1.17737474420965;0.198533913641568
-0.38100858501482;-3.90658185048018;-0.627382873131442
-0.608954280419939;-9.32492619057617;-0.216110257570434
-1.28923223669365;-16.0749371450677;0.237961291501303
-1.15618293595066;-1.65852596194873;-0.127454267052947
-3.48953260065483;-0.892122720046142;-0.677227283071708
-8.2173751739169;-11.375997294273;-0.301570998641845
-1.0737127303439;-4.1157960012328;-0.456012656617751
-0.983916182652382;-3.73541135741382;-0.327560990224094
-0.85942855748372;-1.3400085032268;0.293768630844003
-0.891974655081115;-2.89056175154124;-0.231347115332822
-0.428789142829874;-1.28223170601162;0.167731567999586
-2.38158979077498;-1.11537341588954;-0.0200160717678337
-0.614309161550991;-3.81922258830695;-0.686459660029791
-2.08560892258629;-2.2710378450817;0.474799756393868
-0.195712497597929;-3.97811328396593;-0.231187179070182
-3.15599782323393;-4.26449291306334;-1.45308830848572
-6.09149639648986;-2.51721187626461;0.400485105464419
-0.847157487049338;-0.976918298538138;-0.148490190919835
-0.266169228163444;-2.08946405465659;0.301329883188446
-0.968918033127424;-4.0920067949263;-0.242363019277168
-0.510441037953965;-1.34462960386064;-0.0867343963821157
-1.26496380555586;-2.27484642957586;-0.459453871265423
-0.847892807755618;-1.47324381381681;-0.0352990722593134
-0.966838573767935;-1.02046210494942;-0.389390490773416
-0.856773247671163;-0.728859901213452;0.0803318801286805
-1.43803803827693;-1.8953932113468;0.0406466966795145
-0.818963851125363;-1.86853862096919;-0.0850055250263124
-2.75586105322006;-1.29692436107942;-0.0856156939262909
-0.893429270070998;-3.67912408003349;-0.500008272067459
-0.779549011335543;-1.97296236108651;-0.0373924258857998
-0.441429814398546;-8.17832807972902;-0.0767027429605467
-1.13670423388269;-5.37647093095951;0.0995551240565724
-1.41443667240218;-5.34353861605534;-0.0672418496706197
-1.57584881868184;-2.69909455060966;-0.416650513021011
-1.48697382495068;-1.62933323520304;-0.975547046958888
-0.954492848538226;-8.98202191868959;-0.524503073565834
-1.06008577249631;-0.688617259393808;0.159048796744315
-1.21214617207203;-0.43275705653508;-0.120472803075414
-2.7607753205593;-1.69759198914974;0.17404633478402
-2.39620928540092;-3.21767581868237;-0.116776517927869
-2.11133106299422;-14.8289257276749;-0.044132654277115
-0.50887049061617;-2.04777053586243;-0.623720144007335
-0.76331263408975;-1.83310901231206;-0.078518092688447
-0.844305608025331;-1.45710340246917;0.226923278760028
-4.06806470848678;-0.795347942814957;-0.580530778915154
-0.0603948413583368;-1.45883589909393;-0.715619356895342
-1.40290650941386;-1.51273719906431;-0.145295156383872
-0.446760437056742;-1.68318072150327;-0.339958055225489
-2.01254844484521;-2.09797057175139;0.459550371724894
-1.94126526191398;-3.86644791784303;-0.996604348688238
-1.86857148695277;-1.85778371823568;-2.34960582774315
-1.64589690444007;-1.83079124335228;0.0585164924334229
-0.907465651360679;-29.9489129889622;-0.824517151329796
-1.8876012589894;-2.14893669052358;-0.492036211678818
-3.51299191450901;-15.6371256001423;0.223379991684979
-0.150685622009801;-1.42105630942105;-0.694972022303223
-0.23920421188777;-0.915065119199237;0.219118085592063
-0.00629567892559768;-8.44897374443686;0.243264105726187
-1.1067339943381;-2.70122181297706;-1.25640460552504
-1.51629551856989;-9.93022068405705;-0.225804469552162
-1.63336642243808;-3.2874667869954;0.2997869629837
-1.2096865418953;-4.63197529699749;0.483557001755902
-1.08764000844563;-1.04747908325254;-0.672163913400868
-2.73542177229817;-0.0375099797920919;-0.189536635134022
-1.29843350054965;-6.20777799549256;-0.286404315094407
-1.28290557490394;-1.93120327152271;-1.33397280123336
-0.842530160948152;-2.10827406321415;-0.0308161663895028
-1.46993826419;-8.03915792470122;-0.4547231386346
-0.833236574834817;-5.37094025135438;-0.676390152800511
-5.4012169925824;-2.40984883210118;-0.285349960914289
-1.11037849622287;-1.4854339259828;-0.682473754414054
-1.08199151351389;-0.488932294910854;0.209190062074006
-0.458713687504441;-2.82433357048196;-1.06420428406815
-0.344866590261235;-6.17515812513173;0.432832765229612
-0.20664541481122;-4.06736953132293;0.383944281015359
-1.08550060848147;-2.58478788313005;-1.10720069348631
-2.32014604813316;-1.88997279555497;-0.119253542753588
-0.886038986979711;-3.46946735194381;-0.130222583895662
-0.904472068163611;-0.718702862752404;0.216306734610379
-0.576475717536103;-1.17672208447789;-0.0413521635438312
-0.260720603888576;-0.922134466957435;-0.184489368840655
-0.725313508663771;-3.50180666563829;-0.378344057713626
-0.851715850819811;-1.22994683311666;-0.00164571872469166
-3.14527646215073;-2.62427970261546;-0.379998021866542
-0.482333783148241;-0.774133797937243;-0.0722739634675731
-0.925236507144993;-2.33145526640703;-1.46768331972348
-0.975474300777225;-5.19386279073839;-0.447980134597548
-1.15937654614769;-1.20564823486603;-0.0814126286555494
-0.124463099823338;-0.999739964340475;0.128212339683093
-2.02266946721315;-1.33772401755457;-0.0714563527041765
-0.346973273137868;-0.705224168230333;-1.31350772033414
-0.54083660149243;-2.42499441669229;-0.109642281895944
-0.845905419570105;-7.18221188116911;0.316371080868194
-0.866043460702322;-2.45077770157001;0.00839446548445433
-1.14367874701059;-0.661597285151708;-0.30314590309232
-1.20054340372767;-1.96577521924765;-0.306114130004553
-2.20340674086705;-2.84670074708622;-1.03601240820696
-2.4937664025468;-1.25775663053279;0.450329182837928
-3.65244842308546;-0.993308322408696;-0.132737823759462
-0.992939620255134;-1.94346533242036;-0.0998360519336465
-0.489215135821226;-5.47054659840389;-0.0174458459533569
-0.988793399250004;-2.33744264413896;-0.0562441489482095
-2.38014724921263;-3.01213994021446;-0.137695568078297
-0.961850142193997;-3.13789551397108;-0.743646231832258
-2.16142597822868;-2.48987077253529;0.248839882812584
-1.4185842889397;-3.03160599271457;0.282629759283608
-1.6502895472135;-3.51467099005214;-2.10164023441724
-0.804689690242872;-5.60919458986552;-0.476753369490384
-0.498257096192102;-0.571601103458881;0.101326172285843
-0.259814391638188;-1.56996855888793;0.213388570849232
-0.435351426379774;-1.56737941951673;-0.176503556154879
-5.37315186714405;-2.01298655945176;-0.766257342273243
-1.33709275934115;-3.74709178166886;0.220884489123139
-0.636273836552468;-4.60963822791988;0.189891279874216
-1.22919401829811;-0.50154176372737;-0.00310761016961547
-1.55829125556432;-1.27081539023488;-0.291074534058128
-0.794463701519689;-15.4416760975028;-0.304193051951683
-0.925807556096045;-4.11764632959949;-0.679295181799602
-4.12517785832612;-2.79733072930337;0.271928826926539
-0.509834988944976;-2.18904626180534;0.174441306386704
-3.26646413170656;-3.48147572948383;-1.18529340072465
-0.156351263213507;-3.30928751331308;0.0893909633881549
-1.75113423903961;-2.78758429704335;-0.593871790755335
-4.53766131486879;-3.69410950337908;0.136561682274265
-2.579659447704;-2.00196619359203;0.0374577307922201
-3.71786697190573;-0.475014258992178;-0.413899739233792
-1.15233648474876;-3.58526271192789;-0.201063075844312
-2.19309998911127;-0.373361173350805;-0.147441593506515
-0.676638163739608;-14.7891657880495;-0.0671148664645844
-0.591031729090891;-0.884375437735803;0.0126728908853784
-0.351511782921637;-6.71031372551939;0.261356271217613
-0.590662766067507;-1.47174076359723;0.000964810941062266
-0.98364647503908;-1.50650768257942;-2.79110252778018
-1.27420192433972;-0.615319938007871;-0.210365333427459
-0.522662043134682;-2.16785753635948;-1.93005880051559
-0.743464555027312;-1.41948387198796;-0.488167537013086
-0.874624930147004;-1.41430074104348;0.245678261965419
-0.478924759386856;-1.43104034359143;-0.48977469782761
-2.04970880379632;-1.92412649971743;-0.516147978419598
-2.82693526297438;-2.45958379291177;-0.570812593847331
-4.8255179993074;-1.02669147550232;-1.32280442277633
-0.575212188571732;-2.3156578295404;0.192577443074431
-1.62482751885866;-6.34655593587374;0.207945565368915
-1.82760399925033;-2.29413150517577;-0.49812755703447
-0.601515687762601;-2.0558583263191;-0.42850187163762
-0.0343788426632352;-2.5301861177734;0.0219420816821527
-1.62963402821099;-2.86028107298498;-0.134190869291129
-3.46836863678874;-1.29720777383847;0.458264874148977
-0.521597140491917;-2.17038778878097;0.150978474983629
-1.0509765747764;-2.59439905376439;0.169528253207772
-0.673738239471469;-1.04164807881055;-0.217503657890017
-1.27715282079022;-1.30207783553939;0.38052050686283
-0.821688195869064;-4.1223293243218;-0.0160012789631561
-0.817552968659876;-2.01203776555227;-0.00248075025213179
-3.51274431946277;-1.4583852568231;-0.198994230731013
-0.667579288939664;-1.41433278079359;0.133974936841859
-2.11206295135358;-1.46792858831446;0.0506497913822197
-1.60126662978084;-0.748596525692824;0.252371394396159
-0.692630814417708;-0.767293519098309;0.192401737037943
-0.415786280991288;-3.69072393380941;0.203000565657738
-0.322863943908799;-7.95242273194198;-0.25385446222503
-1.81408702873388;-0.988822610966892;0.128272624740562
-0.480421421787271;-14.5795698582103;0.233715304436749
-1.97199556141165;-2.68594347449607;-0.436075405150879
-5.36365307683258;-2.20007383346466;-0.408978457501712
-0.876583863590578;-0.776068450071202;0.174816302816159
-0.412148441964447;-1.38994457665833;-0.178191460032248
-4.27317497780913;-3.25247203007238;-0.0556368636181566
-1.19766920735699;-4.01650287472437;-0.0237544672736005
-4.1309432197875;-1.42781345510768;0.106143783387162
-1.81897428879481;-0.921238354236561;-0.0501484314486946
-0.596055066298006;-1.34019312918491;0.442168127512757
-2.3237700685669;-1.2585581924188;-0.810136903032857
-0.838069590245524;-2.71162829329053;-0.639628320216667
-0.954808981966617;-12.4114670860903;0.0178713371807806
-2.53208916944164;-0.960435632372119;0.22307155488735
-0.406780580525079;-2.29968248204946;0.419327992767653
-2.60792633402636;-5.18437408996174;0.417729973982434
-2.22177211705265;-1.51295372862131;-0.38139386764527
-0.974460245420607;-44.4215286617006;0.16583891970646
-6.74880937579095;-4.18235538086225;0.0371817721256953
-1.43676334699864;-1.98562203118909;-0.306630102758094
-0.614681119374062;-1.8782876970202;-0.00741782714160366
-1.08009712610269;-10.2402477395492;0.18040678747151
-1.46084287185546;-3.41969609075693;-0.714960789179905
-0.269092906551782;-0.381941885577735;-1.69124428662875
-0.314430600274022;-6.78172810368911;-0.624902151805609
-0.636635727488717;-5.3328062959013;-0.777972995278335
-1.60887698698422;-1.501428748537;-2.47311976155965
-2.06176549232239;-1.83485199939549;-0.276770227154306
-0.62501702425633;-5.21910896918934;-0.0606134942313108
-0.0558534825366466;-8.79414556397254;-0.0325787175551808
-1.16455412899025;-2.53797167463892;-0.282000200497854
-2.58428608614012;-0.534896325765439;-0.281997705540081
-1.37323209053091;-3.41464553401657;0.0632456143614879
-1.66965528123001;-2.65021814009104;0.103878628539701
-1.48411128698578;-1.87605759231173;-0.145470612332417
-1.38346670412761;-3.66328388131635;-0.817455869361175
-0.530149235398792;-1.41817968970126;-0.192369615583956
-0.506315882121667;-4.29138553059219;-0.0769419747642925
-0.850803283198712;-2.22349523064426;0.0607916458730993
-1.05944272168771;-2.16568389201237;0.075314122119452
-0.933062701616739;-2.83818858153434;0.143349166341066
-0.571384107368565;-7.54423823844074;-0.846833280389612
-1.23245740064218;-1.1121419384711;0.0807754367004154
-1.24429708108254;-11.6552899335154;0.422112203564718
-2.12193946521642;-2.836402350147;-0.0616438995943065
-0.609367502473045;-0.898273344113191;0.242340186062559
-0.675626283977083;-1.52694854749527;-0.259594950097439
-2.16248363614419;-5.73850885282651;-0.20849116714811
-1.10156014705429;-3.06986032371311;-1.66715322925366
-0.680586429344793;-2.84231538608218;-0.00504028862565309
-0.848226120581404;-0.74863677874703;-0.279352670108774
-1.06595698254038;-2.24811146059823;0.144285732949424
-0.754517275874381;-0.960322467666662;-0.459195980804038
-2.86841539948033;-0.58604853643435;-0.702221752975511
-0.679517087319998;-3.10248994439816;0.145431400730081
-11.6925874940121;-0.996643262425083;-1.14536346610389
-0.800549903274413;-3.50783330890549;-0.740627433659768
-1.78578739081329;-1.89557128103648;-0.111123119519005
-1.2555450422692;-7.23356776141224;-0.211725406444932
-2.40628918755953;-2.37759298676436;-0.618534977761128
-0.63259991173756;-4.08888086668053;-0.35473760500496
-1.5597382989886;-1.72943032812572;-0.690861802877179
-0.944314496244535;-2.48328057879112;0.144287330560391
-3.59967305671554;-1.14543861932709;-0.431165694804254
-1.20558332202448;-2.50491532364005;-0.0505227554412593
-1.39674857030964;-2.52547079453792;0.244261907511267
-0.668948563106632;-1.11033855156783;0.259999898698167
-1.69446850586839;-4.00109067532792;-0.001096486045844
-1.81450758146707;-4.68393215867565;-1.11478338252511
-7.82874694513904;-5.31864147749487;-0.983785685417313
-1.27965750589353;-8.7532522237197;-0.165270538145259
-2.04501211838206;-0.544850535373706;0.25060849633106
-3.19652162091648;-1.58766541962537;-0.0963235975874257
-0.719309080059844;-2.66024317316163;0.0388208023893806
-1.54129462053936;-1.01711546585855;0.146246004530313
-1.8586081066447;-1.49720402071053;-2.35025466091142
-1.19379947178133;-1.78654167404776;-0.708749130171462
-0.597298802683101;-0.5503598735382;-0.213020878526517
-2.0393280919196;-2.51346770057421;0.161417007891398
-1.19858246313033;-2.12223181462605;-0.30047363970736
-7.73645402907296;-1.50177020905859;-0.149217924102125
-6.81948129838267;-22.9584339429742;-0.489787607944741
-1.76040663892625;-0.176033691817474;-0.570797974529115
-6.7370732196831;-3.61448070292859;0.134240255574682
-0.626107537263001;-22.1042268542478;-0.0462054006329078
-2.60206926124423;-1.41972189548859;0.174491449062917
-2.26595903065959;-3.60919366467019;-0.0945467293512903
-1.36457559694949;-2.11916253440579;-0.00973502918048452
-2.34221432151841;-1.17623318144506;0.0389367363185864
-2.01989811076389;-50.3026666793744;0.243235229191723
-0.980502982755656;-1.77807456426911;0.254121572245231
-10.4257015551192;-5.43744075335179;-0.529375761440462
-1.84471950852455;-25.1990654121863;-0.125734849248783
-2.92616715429166;-4.69643531141503;-0.102890687235426
-2.12705517466243;-2.73287111454595;0.325337334252321
-1.6908258989512;-1.54886613900517;0.171143275060694
-1.06528716442115;-2.94055301365095;0.231058312189905
-1.28776278191803;-2.20080674597301;-0.138033597834302
-2.82717019249667;-4.02507568319811;-0.306827791338879
-1.48663549486391;-3.54002104685992;0.247493668587441
-0.41179382825081;-2.38543753143512;-0.11135936108103
-1.00934841749887;-1.75896453356189;-0.00493368444787401
-5.70790774776099;-4.78696695581385;-0.721116743884423
-2.96474865879736;-2.85565070505127;0.282123991607033
-0.64589233428428;-1.99697389419553;-0.480832479083998
-0.838403220118075;-2.66519006867693;-0.614690802049199
-0.940895906930541;-1.10305802412946;-0.619760172611519
-18.0109554045757;-6.38388660739887;0.295278059290682
-0.239815179357578;-8.67330775759997;0.074551857003345
-4.70944722551154;-2.66396327113907;0.288895142696341
-1.2196908578755;-3.43745396449801;0.530219269243019
-4.14568552582383;-1.15120089416821;-0.682903646657165
-0.509783299468026;-1.55187311196697;-0.133995786916943
-1.430636290086;-0.573626365496388;0.0456863033082555
-0.163869849023653;-1.29057951318403;0.35747481851301
-1.37347162953141;-6.69939990932877;-0.382995140233418
-1.22713803258382;-13.3199290231141;-1.57312666836345
-1.76031772242253;-1.68085685100989;0.0564506340840683
-3.61022788235271;-1.17186773833877;-0.0824014741199826
-2.07499587088942;-1.40059488220047;-1.13388317927106
-1.14722448130032;-1.87299719871256;-0.268332763583075
-0.368527546653397;-7.82136147236445;-0.0503561634785747
-1.40398961061499;-1.27583456944982;-0.0700065338933733
-0.946823245546387;-1.31105986138567;-0.0648964758055408
-0.712232632013541;-9.27112498571222;-0.886953412218899
-2.80020001583836;-3.75555896820245;-0.18194651657467
-1.89550818305454;-18.4145252428758;-0.117804212961836
-1.93693798758604;-2.88607406559608;-0.327975232500776
-1.88976498715645;-0.635052150799676;0.140070544454945
-2.34098437086088;-6.31531357129748;-0.0543980739432457
-0.663661742336384;-2.94959011631189;-0.484325307778529
-3.34980300119546;-1.57590283358856;0.0731815490700831
-0.718006097116168;-1.95894144606239;0.198300952347115
-2.40538813415457;-3.92478023566895;-0.721359997104876
-1.27189541604352;-2.80577215483349;0.0886846715745859
0.0945542195634808;-5.79234230617342;-0.84191891044866
-0.750473749211207;-1.94262602035113;0.256625307770734
-7.17222672888606;-1.39253053450196;-0.0831612643132447
-0.495638096494852;-1.45002550023466;-1.25885829923653
-1.63951740334934;-2.05371713099027;0.226075169965168
-0.586815027819619;-3.13669747208444;-0.492951346274573
-4.23197532482112;-0.998550137616547;-0.679524883120146
-0.373502061061232;-0.492477645266766;-1.70044764516985
-0.803870331304994;-0.974591787875493;0.261722129231563
-2.1439858098884;-0.92927832583688;-0.489477438932924
-1.82786806151045;-2.0672803516737;-0.249705436112338
-2.25029331663236;-2.20819301738392;0.173795628615491
-0.758713619877226;-1.04310469747595;-0.0153126935607735
-0.560518079324573;-4.19380297944508;0.0410980982546436
-0.339200704039708;-1.7445079341994;-1.73736276674597
-0.972858781211679;-2.10813523200927;0.159287917365962
-2.424194378679;-1.63842437871328;0.0365879717424384
-0.718454469537385;-2.39438942816174;-0.616635704240319
-0.353811157026622;-5.86206161446457;-0.283084736529621
-1.81849631291314;-1.12969219882093;0.0374447258318997
-3.52533196793585;-1.877205349443;0.0393994333173273
-0.29009983215095;-1.22218791144959;-0.65771409886475
-0.665001388054243;-2.23941708327054;0.260863350882364
-3.63229738504262;-2.27076705915711;0.217548914978494
-0.708085796432792;-2.65447294063535;0.216894030398803
-2.36305655971002;-2.94405504854138;-1.84712129290972
-0.873309348064661;-1.51681572067176;-0.0247043899140829
-0.988726523082453;-1.19022435444578;-0.0239901039219752
-1.3938671560814;-0.92204779623747;-5.01009396219209
-4.34230887713757;-2.18080801822406;0.384201420530384
-1.67558054053871;-1.57628767497121;0.0470609947457901
-1.53766074731405;-2.18448130635899;-0.00537476459375696
-3.7711834914203;-1.27027308048335;-0.36451544286647
-1.44506978325029;-0.251145191053015;0.132025212797851
-2.84796912827393;-1.14308301199638;-0.806315280281605
-4.78679720845023;-2.97085234186301;0.284243786531936
-1.58679761875637;-2.37862137794285;-0.133617752740899
-0.708156035612027;-12.2050915032777;0.0691951888137758
-0.825180693603409;-1.56309900237967;0.120741485139355
-7.30536942664002;-3.09755507206263;0.354469745894751
-0.569624554866989;-1.84409560618162;0.310516369667107
-1.46412609731861;-1.83777491587037;-2.63155063182841
-0.459153131564177;-3.08845123969171;-0.368607657817556
-1.62308338918856;-2.23530962276475;0.18870422817704
-2.61630209526474;-1.09511113271738;-0.487556857174081
-1.03744751084545;-2.95935067790252;-0.519078624236758
-3.73664406955289;-1.60361294676904;-0.307404308041815
-1.1376603384777;-2.57835963580064;-0.728114166854645
-5.13403606325702;-5.17861158424633;0.0262473165573973
-0.754775426630467;-1.75588149054714;0.0176032022078307
-1.05739506786197;-1.00196653275398;-0.123388490298788
-0.518902981093227;-3.03360372673289;-0.156301138506528
-2.56575484048151;-3.23742261117876;-0.322624988564733
-1.39471519563837;-1.61942046949405;0.0649194693102517
-2.47942143116025;-1.71175688429591;0.440081383076341
-1.0652484869676;-1.9573477298518;0.332025393713436
0.082897661344815;-4.31097170587133;-0.0697238290300637
-3.01877221187506;-16.244418651502;-0.200934359322247
-0.903145277295478;-4.68257269969668;-0.559793983486839
-0.920289608349474;-1.87273463842828;0.352964001020165
-2.36636848100003;-1.58023746257697;-1.21810600153624
-3.4316255208427;-2.19462955189707;-0.472195312235855
-2.01849911972545;-2.96895292170144;0.166665590833661
-0.326061429712778;-2.76744826596953;0.307876927223075
-1.87236549632701;-1.70994549851878;-0.836157000650589
-0.771374195876524;-3.06542763930452;0.0232973312506288
-1.26399046387954;-1.09231342286648;-0.622896433284993
-0.514317014109205;-1.89097722401387;-0.778028366982817
-0.499596132431437;-4.69364144531542;-0.691221927197698
-1.75815855867948;-0.401822573812162;0.222506096180566
-0.583320724507978;-1.83805737667801;0.303916704774942
-2.10023925715083;-1.7195927768552;-2.47214917010217
-0.922310475838478;-1.12817994075998;0.338958701898963
-1.09346678439869;-2.50551867088362;0.310001987234506
-3.28967571222657;-1.423117779432;0.264930968731745
-0.516273251917618;-2.9890402432677;-0.218811081515504
-0.57646366734932;-1.02708902446627;0.127366554765621
-18.3014590786185;-2.72917785738465;0.0798218134020239
-1.9332477146593;-0.517338271120244;-0.191777467000465
-1.40753319935607;-9.54590585299959;0.066705409190176
-6.55004227348908;-2.72852020894431;-0.252258518205003
-1.19975248319781;-1.76396109746152;-0.231331828281587
-0.966090876443249;-2.0491700966512;-0.532253925983023
-2.85082897712083;-2.83585259667897;0.247213720894486
-0.741863762404079;-1.06772555739032;-0.285380746544112
-0.553462837979855;-1.24425687535556;-0.0854742696494919
-0.657539743923611;-7.41645939655647;-0.420453926278648
-1.08993869590457;-4.12113211053427;-0.240795775407937
-0.925339262281984;-1.72166129423876;-0.0404964833532235
-0.55650184883501;-8.932647599133;0.232866108305382
-1.18566887147075;-1.48008996890486;-0.237138685951467
-0.908746629436033;-0.752872382911395;-0.0523620149721074
-0.93894676562947;-0.928494695412087;-0.493792686038093
-0.94109122205245;-3.83403002017193;-0.0207616001570263
-0.0759185961688484;-3.48489581364813;-0.622116305098808
-0.532003014754356;-1.01379184172969;0.21230711328073
-0.618307283941251;-1.85084970113395;0.165511263728442
-0.741888577925448;-2.42248035909443;-0.518733694156432
-2.69172618163028;-4.66169086122218;-0.0405508466066113
-2.52632292287005;-2.22476491721448;0.164340908510707
-0.73474857450916;-6.51443359089987;-0.0930404335894861
-1.98452045420309;-0.739945938773927;0.0518572360212455
-0.684620644744046;-5.15710781048662;0.236408250234057
-1.28896972704326;-2.48293335080045;0.0644132494252658
-1.15340134453348;-1.57657953885712;0.37306191014513
-1.38911408080453;-1.95907290869174;-0.381645690603026
-3.82843419792431;-6.41498430223671;-0.464242186299014
-0.573942726216227;-1.50084315127867;-0.2592243763727
-0.142252999006244;-2.26083064930875;-0.427348880409255
-2.50737276611807;-3.29931481357686;0.266222208543122
-2.10470961624572;-2.3516068188813;0.180179260778399
-2.78397922425281;-0.690544455468856;0.449628263300232
-0.351848702513678;-1.1884778886974;-0.056363536878727
-1.60597331770003;-1.25606339303743;0.246602883820214
-0.375543308148828;-2.54735285185836;0.226671650747846
-2.01228019778028;-0.707648972852791;-0.633631927744541
-0.444751192611775;-1.98413168897917;-0.501427767979263
-0.352265918908726;-2.32269981165424;0.0553659403638418
-1.56790731042673;-1.48412753925964;0.260188881741082
-1.91022251335006;-4.93635390439622;-0.151321923499517
-0.02491026441647;-1.19406912537707;0.131586445099186
-1.90507530896224;-2.40728058945304;0.225643474883618
-2.37343760904163;-1.46454613133723;0.153675846605546
-3.55063547892766;-3.23834460668503;-0.287331900679743
-3.40044247196391;-7.53014210966342;0.284031788622257
-0.954881150636723;-2.38985960399073;0.199537219865058
-4.25110752627072;-1.96047152174197;-0.380316642652791
-0.48270941707545;-19.5221154195507;-0.255748980072593
-2.66056385818379;-3.40718768320437;-0.114772258398833
-1.35879879794927;-2.8286253020342;-0.814292860370641
-1.13484843315167;-1.28558992854528;-1.12304139123731
-2.3611153188005;-2.41263558385872;-0.573892218458073
-0.7511180156652;-1.36367535990356;-0.778274497130615
-1.64499895744795;-0.410921014721769;-0.786266297807198
-2.53825473874604;-9.41829347829284;0.0751465929219928
-2.24454662097443;-3.24220066279802;-0.626732971441164
-1.24566746158385;-4.7351044086859;-0.0425178601541871
-0.639210902933937;-2.41156237733642;-0.355543161013308
-1.18732258353372;-4.70032266697421;-0.120620389258504
-0.830479406100546;-1.75738622185481;-0.631009178132115
-2.08699537728728;-2.42967793429126;-0.130000762168698
-3.0230137374288;-2.80109688001875;0.244705722089935
-0.0894585268955845;-0.94473134374553;0.183410538283524
-0.981272770607887;-3.87185322929489;-1.45818472810851
-0.313975741558105;-1.57307697386126;-0.594093697661833
-0.755671244198326;-6.02693260155477;0.316357399131937
-3.17047758526948;-1.49694846829856;0.156699110343107
-0.817854689459124;-2.33989793965482;-0.179934816724592
-0.474543838871953;-1.2713131880229;0.053135290912028
-0.242138055462092;-1.24766932994931;0.266782774408229
-0.469797533589379;-2.48296503150598;0.0837139325695875
-2.06145533526268;-4.31857939000633;-0.295279292186079
-5.08556900858385;-2.56945155249752;0.0182333988211036
-0.831495470847384;-2.97616167611409;-0.0351313024190689
-1.00772531175004;-4.68222663978379;0.202590573745186
-2.89989953636404;-2.04401085135858;-0.395852048576079
-0.835867966024483;-2.37552071930868;-0.186489721380274
-0.839774340553529;-21.6910750504595;0.0131352278732535
-0.802484378742301;-2.36129294270122;0.288095192857532
-0.124752083291912;-7.29889515691112;-0.451317004763203
-1.2313397799117;-0.798891433453422;0.163507867486496
-2.52082871344215;-3.46159874558127;-0.116442661444796
-0.474766616861351;-0.959435711203035;-0.0164079741321652
-1.06753886781648;-0.976582000752164;-0.457231679496648
-0.471667810076695;-1.15692097734419;-1.07838799858885
-1.54337275182635;-7.04584362537361;0.349212082877849
-0.74469452479922;-7.9289827304849;-0.1393586167554
-2.16391573200433;-5.58932758021169;-0.301608076800782
-1.75520884892527;-2.61646723519399;-0.144931072033621
-2.55775153815496;-5.31143259740404;-0.200052260485722
-2.2366654204333;-4.64540073833271;0.010492011759333
-0.688135011258918;-5.24530307804124;0.332308490716933
-1.12759161685888;-0.20785849773459;-0.144807633134481
-0.628997294809961;-1.55394948500888;-3.44546046030092
-1.08006388960347;-4.32668128080283;-0.334035864636291
-1.54742388234926;-2.12623945738709;0.0634733929520601
-3.27223033516976;-1.37603941373529;-1.90537500490209
-0.60601054068089;-5.16288831880489;0.331716046595144
-3.92209456950395;-15.4347182857607;-0.385348154841632
-1.15014071833155;-0.738953234385205;-1.08545469792131
-1.46953651585223;-1.3557017613596;-0.0994548229259167
-0.813772754274178;-2.78509182967614;-1.06681732978484
-0.774942944188551;-1.62107427094955;-0.352229840167248
-0.509324345363972;-2.76702276767669;-0.258910055586275
-1.85615057417549;-0.885824731925363;-0.826526130174201
-0.964237150066575;-4.14591034387317;-0.810689123014449
-0.440412598915578;-7.67781611139329;-0.00940118980249216
-0.698431716894314;-7.69662381805398;0.00403649877830969
-3.18892019974868;-1.2876878725803;-1.11042332889711
-0.604997612015939;-3.78390847521995;0.105822004230985
-1.58455081957587;-3.63726497313179;-0.677976469014462
-1.30531566730152;-1.18245466269144;-0.259103688475686
-0.509244889401209;-3.19601874250121;-0.21580785081334
-0.694892637179205;-1.48455508697608;0.108691746562564
-2.15975477439491;-3.0557629601029;0.00837287382313345
-2.3718345370763;-1.80200346626409;0.025909439979632
-1.0321857022666;-1.54851375667515;-0.231937039115766
-0.958000663406718;-0.818464380631573;-0.208993956761812
-0.835937930294562;-2.1672240818827;-0.140129269145466
-1.93973322344322;-10.6510132858886;-0.285614576700214
-1.69355324475387;-0.468647278148606;-0.343524842796048
-0.593392250017884;-2.24552918028639;0.0330742340824035
-1.83847744088606;-0.885865584919097;-1.14764892687717
-0.625726580939977;-0.756521529176525;0.109768202987388
-1.53159148030496;-1.43158881520594;0.368128524981415
-0.193147797781409;-1.72340609870306;-0.0755332322026132
-3.03477688657272;-1.52998939143562;-0.766790491703338
-0.516474670020163;-3.50639464433299;-0.237967035600428
-3.37991143364948;-1.93594451134283;-1.20056079011364
-0.759118702718478;-1.33081328900335;0.00390402204524087
-3.0767072008115;-1.46643257741889;-0.0360118084978855
-0.978650134137967;-1.09312266383449;-0.221837574464932
-0.106022436879925;-2.53096185251305;0.199440415241787
-3.32389034820824;-0.81730253463208;0.0302453619943821
-2.03718563991025;-4.17680358590658;-0.144360785867365
-2.45525518583832;-1.08739505886983;-0.0920968837562479
-0.479002564558735;-0.829397627118417;0.305785045737456
-0.889598180801719;-1.99940174620911;-0.2892677154981
-0.740071457191388;-2.01046260316334;-0.931778798212489
-1.08307858496149;-1.53230648275619;0.114825065093843
-0.881946924638483;-5.83554916820037;0.452577159316335
-1.31176345594526;-1.0129754310556;-0.879976898090031
-1.25292418982516;-0.627041821293989;0.215103709096746
-1.43672314908579;-2.04025196038868;0.180768077852687
-0.68977667291199;-1.22315485349189;0.0470022389084264
-1.15046578986159;-1.89671638013729;0.009567200712151
-0.419338569291173;-5.73341998339941;-0.414207730533003
-0.341156080403678;-2.58032556012197;-0.0730733803286521
-1.14280845169153;-4.63264343458183;-0.313642782789011
-0.610418112306631;-0.861387491669449;0.154986365667171
-0.934477028890961;-3.66622726169494;0.0472325516553522
-1.82009158021842;-0.606883311542831;-0.930305739681377
-2.02653789186023;-4.02725369386457;-0.122695329493065
-1.79828564171833;-1.21530038825285;-0.145544724364915
-1.39248180947137;-4.16402194099977;0.279926907127873
-2.76530186291124;-7.40907636866935;-1.17245701528379
-1.02275033958081;-1.90857542235133;-0.71008723106954
-1.20680453360207;-1.17539019883513;-0.166597054200142
-2.15310483782511;-2.35880325708718;-0.00126589096170626
-1.79196099633732;-3.05456786562233;-1.21882839529029
-1.45937480655835;-2.99798384768184;0.232328637829173
-1.14337230989815;-1.06416990527833;-0.180019668848869
-1.28589484976001;-3.86365464690024;-0.414799749296464
-3.39139629380212;-1.49502667234543;-0.438150619940399
-2.75555053596576;-1.75155974522045;-2.17132746719824
-0.814904495129906;-2.51695961542744;-0.509826227040747
-2.41973456092824;-1.02376571399008;-0.0957267741560082
-1.21702354984934;-2.59515992059827;-0.435716270488298
-0.426273553861291;-4.68947926728988;0.116251880976153
-0.644371115687004;-9.01804521748062;-0.408151492376232
-0.921416943397242;-0.716495450276704;0.108653093477356
-0.817511826923748;-2.3147341584653;0.168024242379272
-0.657022763173554;-1.89683640858469;0.288637052193116
-0.925683821698812;-6.07871223143754;0.221852280733807
-3.57445196929318;-7.43584366228438;-1.10391004751408
-3.05129953016898;-1.2026160742234;0.266270029420613
-0.666699969050933;-3.5462910297595;0.233877922297511
-2.2223655933499;-1.26674378025987;0.275736002938344
-3.01461258509074;-1.44427604234075;-0.578603933055583
-1.65480487327659;-3.84879155012484;-0.106783560827021
-1.4074521249079;-0.93760038330904;0.258862064291767
-5.68486283391254;-1.75644043945259;-2.90444134547614
-3.77367158651018;-2.13767185469755;-0.0354126549119438
-1.29024886365029;-1.73512356858018;-0.523246313354588
-1.17496641255709;-5.58482723955983;-0.156127846168661
-0.863393328500778;-6.1495641779678;-1.10009634963744
-1.67502180488301;-1.24127647476609;0.253739622443904
-1.02629677238447;-3.17088025296061;-0.423658026274467
-6.09076081437262;-1.58049824357038;0.138161760839259
-2.76429804187946;-2.40864291034315;-0.108027047567329
0.056341038123243;-1.28437683469716;0.388222773601065
-0.889326504368998;-4.81956168150372;-1.38689344943947
-1.90603621885678;-6.13405938543182;0.259117042582331
-1.96594699421201;-0.962164060739589;-0.568360406376957
-1.14950819754702;-1.36537911612673;0.301356118151118
-3.48826115198041;-2.26078472944248;0.174542908841706
-0.399268827665455;-0.962410733382519;-0.161918370555767
-0.336464287938278;-4.42595222808944;0.272570536351892
-0.720980752228166;-1.72660742047606;-0.40599288908618
-2.13306177554407;-1.24201735752211;-0.753382962700652
-1.98230831555246;-1.18451500739599;0.170110127555912
-1.34268468925009;-0.618448186865875;-0.265853495347625
-0.57173126807484;-0.583823956425518;-0.0405250067273268
-0.572221179526323;-1.07046225061514;0.328549787407098
-0.772441540778765;-1.16387754931098;-0.440390569594307
-0.170130146012972;-3.64061643324827;-0.499983778603625
-0.990832815380535;-3.55494837527485;-0.230606465798892
-0.876233644774176;-1.60433898815629;-0.0562926877155299
-2.06915536155096;-2.97296165255036;-0.0756266678175153
-3.00453205777586;-2.86323981664826;-0.137799665154239
-0.593043349794695;-2.59623551047354;-0.975911974743489
-0.689289780300055;-2.17089235659367;-0.41413024123201
-1.44455023318371;-8.27034037595618;0.0933114685359149
-0.339514534033835;-4.64301217214196;-0.0813809119994511
-0.834479031112066;-12.8941763220427;-0.0487504729518715
-4.20298926540142;-2.05023722115505;-0.310100949588918
-1.37598592856291;-1.94769368101498;-0.281613683263429
-1.27024491562078;-0.337838239892908;-1.35066850471153
-0.806349875286047;-0.337676342010562;-0.328883114437778
-0.666081203303832;-1.70427360113607;0.283607765542917
-0.259970726193991;-2.20078616102785;0.268438963376378
-0.537662477260384;-1.44722011992998;0.274765744183361
-0.0254624395286895;-0.685292368098372;-0.240812735128896
-1.57923008776783;-1.03557796311681;0.361852987779596
-1.71123918662317;-2.95535458581444;0.0116226561450259
-0.371045765792047;-7.10566546105231;-0.999797494271948
-2.8079221458112;-0.52874975180695;-0.189864476265779
-1.02998572673938;-2.63181743659478;-0.490569335546508
-1.5777509059306;-1.02010163344525;0.0932806848118544
-0.804077220046723;-3.17603873703882;-0.97892193694108
-3.9356645950875;-4.08396644470833;0.0757355675210474
-0.130500971442955;-3.59422465740145;-0.0783419776598469
-1.16210483708052;-1.65340806292259;0.317028849537333
-3.5067241016255;-2.54117358798885;-0.119534982633778
-0.0835571425048545;-2.96625011337274;-0.0442584257628829
-0.0536449444837779;-0.742347456766796;0.161046014724693
-4.24877413863714;-4.7826299200796;-0.405003018680854
-0.545264468636314;-15.3359394614404;0.168658786156169
-0.13472392845709;-1.84388977903972;-0.0828536296618738
-1.24780789971351;-15.540052907843;-0.108651065977656
-3.6103753225777;-2.99065712717811;-0.70607638878785
-0.611002983229089;-1.28886083423381;-0.0760782180582595
-4.31046693590209;-4.61372855688292;-0.128928323665138
-2.17575447104042;-2.79276546241411;-0.182335727100361
-0.678089079485901;-13.5101412543358;-0.643019294199819
-1.44245161896089;-0.998863773703298;-0.398995069357959
-0.925664136951403;-1.74721846868298;0.134454194464775
-1.64521322518109;-2.03276546494104;-0.0960349307514599
-0.746543016909929;-2.59512855336153;0.384226435793225
-3.11895966903587;-13.7494932686433;-0.045395583399533
-1.4575866703707;-3.23981525507246;0.163685521553832
-1.13592563998386;-1.44922340217019;-0.723915656286906
-0.947166454778425;-0.523109434153552;0.0404337008587146
-7.29168108401211;-2.44186912577776;-0.00951265050502159
-4.59897356611233;-2.52676323445497;0.123579668262574
-1.47665576199974;-2.14254380647755;-0.578117737887714
-0.160336707363994;-1.20164212682385;-0.209336528469107
-1.80684234565443;-3.07453844870459;-0.0836157154484061
-0.163847624798962;-2.01879686358937;0.078781732743999
-0.949664510584118;-2.46690387135726;-0.466961662643219
-1.93734258370976;-0.90635755539455;0.25397034539274
-0.380280601883058;-6.88566202335915;0.147675997002659
-1.06906562047071;-4.67530657238195;-1.01438311095555
-14.5109223619188;-3.44714775968418;0.339430457728508
-0.635912755491814;-1.11307250628066;0.148155120939896
-3.74500195646155;-1.20188898287391;0.0096000219234853
-0.405075810977873;-3.06461966049341;-1.33197019430922
-2.16367554383124;-1.89849682786413;0.244850923068033
-1.24888893842698;-4.3341839337157;0.0254942856576257
-1.43720691214668;-2.55206889072376;0.374904365298779
-0.534614898689243;-1.13764207193335;-0.438916449585296
-0.564769159194602;-1.11262407944314;0.486613371965601
-0.590614094005792;-1.6825007101134;-0.325549347662916
-2.96307832357061;-2.35629769229318;-0.00408729584066458
-1.17946115146267;-1.5470868979004;-0.840860725350431
-0.704261304236538;-2.67687168454385;0.218245823818458
-4.06480835566057;-1.76221026284132;0.12666924507526
-0.841688287392217;-2.28070425443489;-0.307010320036127
-1.87430048638689;-2.01812143766432;-0.671555846097395
-1.54935014793866;-1.93042841136189;-0.0645029698803796
-1.01264550609655;-0.492764809510275;0.193724733869581
-1.05616003027915;-4.18034861897428;0.266738667982065
-1.9140278830632;-2.83200129532101;-1.38833656094755
-0.671923933651397;-1.3010312665359;0.0147219916117576
-1.71645531673351;-1.06675664778682;0.352863368461466
-0.429697244028296;-2.69960353069248;-1.10268910412317
-0.549834832696053;-0.525047909301831;0.332050973902679
-0.700473520785317;-2.5046822646317;-0.451746302270578
-2.96355566664836;-1.71994342566478;-0.0392712055980859
-1.64105342565182;-1.57899458581489;-0.52488133899469
-0.595772080965767;-1.67850614000472;-0.282818278253305
-0.436583769291136;-1.81246451250459;-0.513788760670343
-1.02297725830545;-1.7227337650299;-1.07904143532302
-2.58595846576921;-0.399665015962199;-1.96713508884613
-0.844886299358915;-0.598549636915113;0.316110662634305
-1.0388973213658;-5.56731443619014;-1.41493508334498
-5.59821482719257;-4.1730969752311;-0.281545279729303
-2.50310520441525;-2.45783648769308;-0.024636965544947
-0.54798381845266;-1.77080355146401;-0.840898488165036
-0.530357025575717;-2.53679293147101;-0.402530850143043
-0.678178930985741;-11.2305638069213;-1.01932708339521
-0.670866956770019;-3.0499659187712;0.100406027963146
-0.539616351278894;-0.522396182590459;-0.0767290443194999
-0.833042253306515;-1.249436939515;-0.0667886972064711
-1.32499190043281;-1.92946512292297;-0.447959319240541
-0.775955393000657;-3.95012885784496;-0.764089110969827
-2.4580361162085;-3.79158525807226;0.156266856025095
-1.25783130620544;-3.10089808312586;0.0165347334644794
-2.0195602337008;-2.10902615489171;-1.00070566531276
-0.6029771606522;-1.60452382523993;-0.564483413547622
-1.01680659235436;-2.25460161204405;-0.661734884472594
-3.71980303235359;-1.89291280169569;-0.475810446478078
-0.796989501040739;-1.77395244798328;-0.568207446750175
-0.310043293297992;-0.301578774820632;-0.215564612324938
-0.530581240761621;-0.756760985586821;-0.173472869265401
-0.693311492844452;-0.86034331949097;0.160520745040562
-1.92056508137118;-5.04434476023534;-0.0880263890052382
-0.78401338202157;-1.75752086881185;0.31404749290324
-9.1390638438116;-3.88462324409531;0.434407264435867
-0.832265009305377;-0.933219275398292;-0.209433616568729
-4.4630204642999;-2.01759765387409;-0.0797821277201747
-1.09344129398763;-3.54567740208882;-0.264109392185358
-1.51418966717021;-1.50343830949298;-0.438629753300612
-1.77209546162829;-2.30143075983491;-0.222582391819248
-3.86587027740768;-2.52572779530678;0.293926654788614
-1.89838058255032;-4.58194976988477;-0.220229467603793
-1.40550173271762;-12.8202399793296;-0.137964036443079
-1.38528131948761;-3.01702986373424;0.260513896151348
-3.2615269362704;-5.67159708781812;-1.87317455113141
-1.18094631142629;-0.359272274296875;0.146061130501772
-1.4445833832962;-4.16178450033359;0.234033113272331
-1.27556090473147;-2.29946820496677;-0.279634036897478
-1.16962620839437;-1.82551111509561;-1.40797204361837
-0.833964389701593;-8.30350545372601;-1.1603820102536
-1.29138988764423;-4.6297075619543;-0.611202145563629
-2.15556359315162;-3.95963944955733;0.59255292426994
-1.35852009511982;-2.6325687961257;-1.43324548633313
-0.182549581775003;-2.28320433052533;0.13619685215636
-1.94773917574596;-1.85988956918912;-0.0498840603194848
-0.534537176826534;-21.0388795305618;0.217548387036312
-0.554218410514763;-2.37559939643724;-0.0473175769445051
-1.66153345652476;-1.79673526514152;0.180437538162749
-1.83072601794847;-2.51499483643552;-1.42308131465954
-0.785471696569146;-1.90449186175266;-0.883865335298917
-2.14951222940011;-2.97568906151876;-0.69583316546469
-5.93324199703355;-1.75561994790817;-2.64512287045832
-12.1475472530536;-0.51718300771126;0.349222194957052
-11.5515724161612;-1.9703062719602;0.0469302834349303
-1.41169901703073;-1.95285593247827;-0.135182345394312
-2.43647328542242;-1.60088801829751;0.366117323811024
-0.379166193426571;-3.91073360163042;0.148169206003058
-1.2492302701563;-2.90696164563038;0.145065591542179
-0.446175921775399;-1.51284270106663;0.0172498383076842
-1.16217845734902;-4.6062715128072;0.239405862877243
-0.159097101519107;-1.03764546142053;0.13262625615706
-1.04733718240562;-5.47111984171762;0.0318087494954558
-1.05110720064282;-1.34031952507493;0.00568639817268823
-0.429442607268163;-2.63341947682371;-0.533206874510526
-0.841495610135324;-3.8491853463756;0.266539897317867
-1.07749429137391;-1.18063115989296;0.372782786229639
-0.273141553972681;-7.16087213698246;0.431681652673104
-0.357372462481695;-1.48079954411935;-0.245236650840093
-0.790740571129714;-1.34407320628684;-0.765510991581497
0.0805667492197015;-2.56492433735056;-0.447285814636876
-0.540023134261811;-2.11422259622311;-0.00285499254061827
-0.813678517418783;-3.62377172303155;0.41727225512435
-1.52365325991006;-2.08356122646677;0.319897630521764
-0.203154641578986;-1.81333480853671;-0.660667836542208
-1.0425385664615;-4.13638987772278;0.0917721606496504
-1.60893064790137;-2.18506224836555;-0.642797790009204
-1.26868575462259;-0.841334294486325;0.288679981759904
-1.64733678283524;-1.93532458847158;-0.950657737518064
-0.437927671855676;-0.640814027988452;0.253875086920798
-1.83001164087696;-2.99295746756605;0.157072077270642
-0.460579170455462;-2.12227533564203;-0.022423630709733
-3.22666834883699;-1.13850178868611;0.174523897999813
-0.533014782179448;-19.606797454241;-1.94788528422438
-3.03737413881071;-5.19427145486231;0.392815104482179
-0.216292133400642;-63.8685005943801;0.151785672463963
-0.780224021920387;-2.88928644911889;-0.543053060565489
-0.915074226927534;-1.36202130622994;-0.151343343450024
-3.79207824597731;-2.53094061040535;-0.148938835553422
-0.609610354722247;-2.68001877405463;-0.635526032295678
-1.59567541183522;-2.51196519742655;0.164360951458636
-0.936511656432902;-0.838851056946855;-0.984233572801282
-7.06198444243495;-2.02328360508221;0.383371086811422
-0.49141362026009;-3.37725414328655;-0.740477570591212
-0.271724734243066;-4.41861641702958;-0.0268802942534838
-1.63759663207606;-1.31735150385309;-0.27837332603116
-0.629286291953969;-0.636947634118863;0.220556306266032
-1.6622171799363;-2.20951758195618;0.273731517951326
-0.331879826313904;-1.76057131282445;0.159088542862824
-2.16089368814591;-1.36603448418032;0.126080924878745
-0.133386525134175;-2.76128872263615;-0.329635090678833
-0.83729942921235;-2.25811310625388;-0.478838631176373
-2.30954362463598;-3.95528019987269;-0.117043665528572
-0.997374514759926;-2.67651052638518;-0.417792316956425
-1.25178440012221;-2.74971942435733;-2.27664947914043
-5.22852788572701;-1.43600881452795;-0.195087110754846
-2.93175098109794;-3.10098662251003;-0.234551953375916
-0.767429826314255;-3.22484330220648;0.0773177793824817
-1.93784468271507;-4.4994791998077;0.0149453976510174
-1.57159040427098;-36.5241413067222;-0.0309190737876226
-1.35252408939666;-3.21349887675473;-0.0912302404113068
-3.08543742922597;-2.38331733631735;0.0563329767512082
-1.94576784292749;-4.67777032868156;0.112071203495361
-4.03990858864567;-0.848917242688963;-0.930907487667921
-1.28221451761984;-3.78679007315941;-0.520491701801202
-1.62609215952861;-2.29472485302086;-0.016488386121942
-5.59347142302929;-9.1198891804335;-0.379938304432994
-1.55853896356853;-0.4369283920672;-1.39062972098001
-1.66820109221772;-1.73387857955147;-0.0876440214275993
-1.42070953230504;-1.15379098059371;-0.183519955427715
-2.20719613427914;-3.16089218763067;0.153852198398514
-0.654617868067536;-0.55330699911133;0.272424221196825
-0.953886940449335;-0.923344703626214;-0.17580095086679
-0.233931446457107;-1.70711735904265;-0.353750389592829
-0.100940116259092;-1.62301076985943;-0.520074020939538
-1.85065445407947;-3.71231831632289;-0.517082201747825
-3.00330068317566;-1.97272608215329;-0.0360345433328944
-6.49903259424164;-3.73072554739023;-0.219699016601755
-1.75847865439212;-1.25522083326638;0.205655251491797
-0.412601514217754;-5.69566347706197;-0.357120468827697
-0.942750452849554;-1.53281866560955;0.282860843735335
-1.17550335581689;-11.1199698351019;0.213804528345303
-4.76028211707808;-24.3984224105061;-0.110811533653187
-1.01599650124368;-0.194574540941428;-0.744937658816514
-0.325060968847355;-11.7579659167235;-0.22748763279623
-1.68172873061734;-1.01113774044095;-0.950169287884366
-0.479915003411689;-2.44648335818286;0.23614186530447
-2.35905896895906;-1.40638489563974;-0.550828864965092
-0.277157196708893;-7.51255333904996;-0.265420503240208
-0.0712185097477611;-5.18609757211094;-0.0333544991460004
-1.08019668146658;-2.79016333024755;-1.31962702060396
-0.16432675901609;-2.61716191747462;-0.00179469341522664
-2.7301426187279;-6.69839952393411;0.247086085065998
-1.14661055235375;-1.85996410811428;0.0463834789855073
-1.31813602088526;-3.22957994463022;-0.0413620097188696
-0.548806292793242;-2.76766292533595;0.168291998659456
-0.747103722338778;-6.35274181301187;0.3844936725863
-0.541512057315412;-0.919391785373405;0.342295857550476
-1.61011522385133;-3.72895655681371;0.0951177553752816
-0.617420958610629;-5.73704918994026;0.182869076510559
-1.67486162887369;-2.04008397664475;0.091614461188251
-1.02206833466415;-0.85589651813601;-1.23212218711479
-1.9780187651404;-6.23656573304289;0.148711086907813
-4.52643226867501;-1.84945349638416;-0.51977347622541
-1.0088901240866;-3.32836734079725;-1.86896343804547
-1.27238160804389;-5.37081410351017;0.331708105110776
-3.45967370146624;-2.41523627695038;-0.136819435820807
-0.0605639308021677;-7.42775488240412;-2.14256347199789
-0.615900309411403;-1.50613338359944;0.164754293937414
-3.12702194830253;-2.26910049848806;-1.27821621692145
-0.957828236543817;-4.4612540087947;-0.073273975254514
-1.07351984934642;-2.07125807259902;0.135345974542972
-0.577685670555528;-61.9940162808817;-0.188707179188082
-0.0883802750606852;-2.00270217878425;0.204665548148463
-1.66108005169148;-2.44182111491321;-0.674643055229015
-2.53923154823005;-2.14026320870709;-0.51609513217812
-0.850795047580948;-1.2329763738483;0.325558726045004
-1.49732719644173;-3.21895024292057;-0.120767585154631
-4.32009155466753;-1.38985407207213;-1.64526312235277
-3.08467282428778;-1.9758412829705;-0.233003755171186
-3.22495594921939;-8.15460992310376;-0.923698530002352
-0.717160589657883;-3.30721409383197;-0.0224143843697262
-4.25708067344675;-5.70473976878274;0.149977267615214
-0.399756617201857;-5.69679757638836;-0.528969203652789
-1.66684317543771;-1.14316967003327;-0.306874976494851
-0.730161369650215;-3.93617552871922;0.194747231823335
-1.48193038344832;-7.80404460731065;-0.483720243518318
-2.01288409390633;-2.07277306022627;-0.463754910221489
-1.43164083293672;-2.26383182953031;0.476814174382601
-4.02745365109463;-0.213186524138586;-0.220704031696981
-2.51366478422727;-0.57640576285008;-0.843848223972666
